Узлы сетки в T-образной области и фиктивные узлы:
(0, 0)-0
(0, 2)-0
(0, 4)-1
(0, 6)-1
(0, 8)-1
(0, 10)-0
(0, 12)-0
(2, 0)-0
(2, 2)-0
(2, 4)-1
(2, 6)-2
(2, 8)-1
(2, 10)-0
(2, 12)-0
(4, 0)-1
(4, 2)-1
(4, 4)-1
(4, 6)-2
(4, 8)-1
(4, 10)-0
(4, 12)-0
(6, 0)-1
(6, 2)-2
(6, 4)-2
(6, 6)-2
(6, 8)-1
(6, 10)-0
(6, 12)-0
(8, 0)-1
(8, 2)-1
(8, 4)-1
(8, 6)-2
(8, 8)-1
(8, 10)-0
(8, 12)-0
(10, 0)-0
(10, 2)-0
(10, 4)-1
(10, 6)-2
(10, 8)-1
(10, 10)-0
(10, 12)-0
(12, 0)-0
(12, 2)-0
(12, 4)-1
(12, 6)-1
(12, 8)-1
(12, 10)-0
(12, 12)-0
